                               -=OHAYOO=-
+___+__________+_____+__________+__________+_____+__________+______+_______+_______+____+______+_______+_______+
|   |          |     |          |          |Total|          |      |       |       |    | X=   |       |       |
|No.|Intervalo |Punto|Frecuencia|Desviacion|Desv.|Frecuencia|Ln(PM)|  f*   |Inverso| f* |PM-   | f*x   | f*x^2 |
|   |          |Medio|    f     | v=PM-A   |f*v  |Acumulada |      | Ln(PM)| 1/PM  |1/PM| MAR  |       |       |
+===+==========+=====+==========+==========+=====+==========+======+=======+=======+====+======+=======+=======+
|  1|  0  <   1|    1|     2    |  -15     |  -30|    2     |-0.6931|-1.3863|2.00000|4.00|-10.21|-20.418|208.451|
+---+----------+-----+----------+----------+-----+----------+------+-------+-------+----+------+-------+-------+
|  2|  1  <   2|    2|     1    |  -14     |  -14|    3     |0.4055| 0.4055|0.66667|0.67| -9.21| -9.209| 84.807|
+---+----------+-----+----------+----------+-----+----------+------+-------+-------+----+------+-------+-------+
|  3|  2  <   3|    3|     2    |  -13     |  -26|    5     |0.9163| 1.8326|0.40000|0.80| -8.21|-16.418|134.778|
+---+----------+-----+----------+----------+-----+----------+------+-------+-------+----+------+-------+-------+
|  4|  3  <   4|    4|    17    |  -12     | -204|   22     |1.2528|21.2970|0.28571|4.86| -7.21|-122.555|883.507|
+---+----------+-----+----------+----------+-----+----------+------+-------+-------+----+------+-------+-------+
|  5|  4  <   5|    5|    12    |  -11     | -132|   34     |1.5041|18.0489|0.22222|2.67| -6.21|-74.509|462.634|
+---+----------+-----+----------+----------+-----+----------+------+-------+-------+----+------+-------+-------+
|  6|  5  <   6|    6|    12    |  -10     | -120|   46     |1.7047|20.4570|0.18182|2.18| -5.21|-62.509|325.616|
+---+----------+-----+----------+----------+-----+----------+------+-------+-------+----+------+-------+-------+
|  7|  7  <   8|    8|    14    |   -8     | -112|   60     |2.0149|28.2086|0.13333|1.87| -3.21|-44.927|144.176|
+---+----------+-----+----------+----------+-----+----------+------+-------+-------+----+------+-------+-------+
|  8|  8  <   9|    9|     2    |   -7     |  -14|   62     |2.1401| 4.2801|0.11765|0.24| -2.21| -4.418|  9.760|
+---+----------+-----+----------+----------+-----+----------+------+-------+-------+----+------+-------+-------+
|  9|  9  <  10|   10|     2    |   -6     |  -12|   64     |2.2513| 4.5026|0.10526|0.21| -1.21| -2.418|  2.924|
+---+----------+-----+----------+----------+-----+----------+------+-------+-------+----+------+-------+-------+
| 10| 10  <  11|   11|     1    |   -5     |   -5|   65     |2.3514| 2.3514|0.09524|0.10| -0.21| -0.209|  0.044|
+---+----------+-----+----------+----------+-----+----------+------+-------+-------+----+------+-------+-------+
| 11| 11  <  12|   12|     1    |   -4     |   -4|   66     |2.4423| 2.4423|0.08696|0.09|  0.79|  0.791|  0.626|
+---+----------+-----+----------+----------+-----+----------+------+-------+-------+----+------+-------+-------+
| 12| 12  <  13|   13|     1    |   -3     |   -3|   67     |2.5257| 2.5257|0.08000|0.08|  1.79|  1.791|  3.207|
+---+----------+-----+----------+----------+-----+----------+------+-------+-------+----+------+-------+-------+
| 13| 13  <  14|   14|     1    |   -2     |   -2|   68     |2.6027| 2.6027|0.07407|0.07|  2.79|  2.791|  7.789|
+---+----------+-----+----------+----------+-----+----------+------+-------+-------+----+------+-------+-------+
| 14| 14  <  15|   15|     1    |   -1     |   -1|   69     |2.6741| 2.6741|0.06897|0.07|  3.79|  3.791| 14.371|
+---+----------+-----+----------+----------+-----+----------+------+-------+-------+----+------+-------+-------+
| 15| 15  <  16|   16|     1    |    0     |    0|   70     |2.7408| 2.7408|0.06452|0.06|  4.79|  4.791| 22.953|
+---+----------+-----+----------+----------+-----+----------+------+-------+-------+----+------+-------+-------+
| 16| 16  <  17|   17|     1    |    1     |    1|   71     |2.8034| 2.8034|0.06061|0.06|  5.79|  5.791| 33.535|
+---+----------+-----+----------+----------+-----+----------+------+-------+-------+----+------+-------+-------+
| 17| 17  <  18|   18|     1    |    2     |    2|   72     |2.8622| 2.8622|0.05714|0.06|  6.79|  6.791| 46.116|
+---+----------+-----+----------+----------+-----+----------+------+-------+-------+----+------+-------+-------+
| 18| 18  <  19|   19|     1    |    3     |    3|   73     |2.9178| 2.9178|0.05405|0.05|  7.79|  7.791| 60.698|
+---+----------+-----+----------+----------+-----+----------+------+-------+-------+----+------+-------+-------+
| 19| 20  <  21|   21|     1    |    5     |    5|   74     |3.0204| 3.0204|0.04878|0.05|  9.79|  9.791| 95.862|
+---+----------+-----+----------+----------+-----+----------+------+-------+-------+----+------+-------+-------+
| 20| 22  <  23|   23|     1    |    7     |    7|   75     |3.1135| 3.1135|0.04444|0.04| 11.79| 11.791|139.026|
+---+----------+-----+----------+----------+-----+----------+------+-------+-------+----+------+-------+-------+
| 21| 23  <  24|   24|     1    |    8     |    8|   76     |3.1570| 3.1570|0.04255|0.04| 12.79| 12.791|163.607|
+---+----------+-----+----------+----------+-----+----------+------+-------+-------+----+------+-------+-------+
| 22| 24  <  25|   25|     1    |    9     |    9|   77     |3.1987| 3.1987|0.04082|0.04| 13.79| 13.791|190.189|
+---+----------+-----+----------+----------+-----+----------+------+-------+-------+----+------+-------+-------+
| 23| 25  <  26|   26|     1    |   10     |   10|   78     |3.2387| 3.2387|0.03922|0.04| 14.79| 14.791|218.771|
+---+----------+-----+----------+----------+-----+----------+------+-------+-------+----+------+-------+-------+
| 24| 26  <  27|   27|     1    |   11     |   11|   79     |3.2771| 3.2771|0.03774|0.04| 15.79| 15.791|249.353|
+---+----------+-----+----------+----------+-----+----------+------+-------+-------+----+------+-------+-------+
| 25| 27  <  28|   28|     1    |   12     |   12|   80     |3.3142| 3.3142|0.03636|0.04| 16.79| 16.791|281.935|
+---+----------+-----+----------+----------+-----+----------+------+-------+-------+----+------+-------+-------+
| 26| 29  <  30|   30|     1    |   14     |   14|   81     |3.3844| 3.3844|0.03390|0.03| 18.79| 18.791|353.098|
+---+----------+-----+----------+----------+-----+----------+------+-------+-------+----+------+-------+-------+
| 27| 30  <  31|   31|     1    |   15     |   15|   82     |3.4177| 3.4177|0.03279|0.03| 19.79| 19.791|391.680|
+---+----------+-----+----------+----------+-----+----------+------+-------+-------+----+------+-------+-------+
| 28| 32  <  33|   33|     1    |   17     |   17|   83     |3.4812| 3.4812|0.03077|0.03| 21.79| 21.791|474.844|
+---+----------+-----+----------+----------+-----+----------+------+-------+-------+----+------+-------+-------+
| 29| 33  <  34|   34|     1    |   18     |   18|   84     |3.5115| 3.5115|0.02985|0.03| 22.79| 22.791|519.426|
+---+----------+-----+----------+----------+-----+----------+------+-------+-------+----+------+-------+-------+
| 30| 35  <  36|   36|     1    |   20     |   20|   85     |3.5695| 3.5695|0.02817|0.03| 24.79| 24.791|614.589|
+===+==========+=====+==========+==========+=====+==========+======+=======+=======+====+======+=======+=======+
|   |   Total  |     | =     110|          |=-527|          |      |=161.25|       |18.6|      |       |=6138.37|
+===+==========+=====+==========+==========+=====+
==========+======+=======+=======+====+======+=======+=======+
Mediana :  7.64286
