                               -=CALCULOS ESTADISTICOS=-
+___+__________+_____+__________+__________+_____+__________+______+_______+_______+____+______+_______+_______+
|   |          |     |          |          |Total|          |      |       |       |    | X=   |       |       |
|No.|Intervalo |Punto|Frecuencia|Desviacion|Desv.|Frecuencia|Ln(PM)|  f*   |Inverso| f* |PM-   | f*x   | f*x^2 |
|   |          |Medio|    f     | v=PM-A   |f*v  |Acumulada |      | Ln(PM)| 1/PM  |1/PM| MAR  |       |       |
+===+==========+=====+==========+==========+=====+==========+======+=======+=======+====+======+=======+=======+
|  1|  0  <   2|    1|     1    |  -15     |  -15|    1     |0.0000| 0.0000|1.00000|1.00| -5.70| -5.705| 32.542|
+---+----------+-----+----------+----------+-----+----------+------+-------+-------+----+------+-------+-------+
|  2|  2  <   4|    3|     5    |  -13     |  -63|    6     |1.0986| 5.4931|0.33333|1.67| -3.70|-18.523| 68.618|
+---+----------+-----+----------+----------+-----+----------+------+-------+-------+----+------+-------+-------+
|  3|  4  <   6|    5|     4    |  -11     |  -42|   10     |1.6094| 6.4378|0.20000|0.80| -1.70| -6.818| 11.622|
+---+----------+-----+----------+----------+-----+----------+------+-------+-------+----+------+-------+-------+
|  4|  6  <   8|    7|     8    |   -9     |  -68|   18     |1.9459|15.5673|0.14286|1.14|  0.30|  2.364|  0.698|
+---+----------+-----+----------+----------+-----+----------+------+-------+-------+----+------+-------+-------+
|  5|  8  <  10|    9|     1    |   -7     |   -7|   19     |2.1972| 2.1972|0.11111|0.11|  2.30|  2.295|  5.269|
+---+----------+-----+----------+----------+-----+----------+------+-------+-------+----+------+-------+-------+
|  6| 10  <  12|   11|     0    |   -5     |   -0|   19     |2.3979| 0.0000|0.09091|0.00|  4.30|  0.000|  0.000|
+---+----------+-----+----------+----------+-----+----------+------+-------+-------+----+------+-------+-------+
|  7| 12  <  14|   13|     0    |   -3     |   -0|   19     |2.5649| 0.0000|0.07692|0.00|  6.30|  0.000|  0.000|
+---+----------+-----+----------+----------+-----+----------+------+-------+-------+----+------+-------+-------+
|  8| 14  <  15|   15|     0    |   -1     |   -0|   19     |2.6741| 0.0000|0.06897|0.00|  7.80|  0.000|  0.000|
+---+----------+-----+----------+----------+-----+----------+------+-------+-------+----+------+-------+-------+
|  9| 15  <  16|   16|     0    |    0     |    0|   19     |2.7408| 0.0000|0.06452|0.00|  8.80|  0.000|  0.000|
+---+----------+-----+----------+----------+-----+----------+------+-------+-------+----+------+-------+-------+
| 10| 16  <  17|   17|     0    |    1     |    0|   19     |2.8034| 0.0000|0.06061|0.00|  9.80|  0.000|  0.000|
+---+----------+-----+----------+----------+-----+----------+------+-------+-------+----+------+-------+-------+
| 11| 17  <  18|   18|     0    |    2     |    0|   19     |2.8622| 0.0000|0.05714|0.00| 10.80|  0.000|  0.000|
+---+----------+-----+----------+----------+-----+----------+------+-------+-------+----+------+-------+-------+
| 12| 18  <  19|   19|     0    |    3     |    0|   19     |2.9178| 0.0000|0.05405|0.00| 11.80|  0.000|  0.000|
+---+----------+-----+----------+----------+-----+----------+------+-------+-------+----+------+-------+-------+
| 13| 19  <  20|   20|     0    |    4     |    0|   19     |2.9704| 0.0000|0.05128|0.00| 12.80|  0.000|  0.000|
+---+----------+-----+----------+----------+-----+----------+------+-------+-------+----+------+-------+-------+
| 14| 20  <  21|   21|     0    |    5     |    0|   19     |3.0204| 0.0000|0.04878|0.00| 13.80|  0.000|  0.000|
+---+----------+-----+----------+----------+-----+----------+------+-------+-------+----+------+-------+-------+
| 15| 21  <  22|   22|     0    |    6     |    0|   19     |3.0681| 0.0000|0.04651|0.00| 14.80|  0.000|  0.000|
+---+----------+-----+----------+----------+-----+----------+------+-------+-------+----+------+-------+-------+
| 16| 23  <  24|   24|     0    |    8     |    0|   19     |3.1570| 0.0000|0.04255|0.00| 16.80|  0.000|  0.000|
+---+----------+-----+----------+----------+-----+----------+------+-------+-------+----+------+-------+-------+
| 17| 24  <  25|   25|     0    |    9     |    0|   19     |3.1987| 0.0000|0.04082|0.00| 17.80|  0.000|  0.000|
+===+==========+=====+==========+==========+=====+==========+======+=======+=======+====+======+=======+=======+
|   |   Total  |     | =      22|          |=-194|          |      |= 29.70|       | 4.7|      |       |=118.75|
+===+==========+=====+==========+==========+=====+
==========+======+=======+=======+====+======+=======+=======+
Mediana :  6.25000
Moda :  6.72727
Varianza :  5.39770
Desviacion Estandar:  2.32330
